                        ".1st AUGMENTED MATRIX 
                            TRANSFORM,"
                            [1 2 3 14]
                            [2 3 4 21]
                            [3 4 5 28]
R1→R1÷1=>[1 2 3 14]
          [0-1-2-7]
          [0-2-4-10]
                     R2→R2+2R1=>[1 2 3 14]
                                 [,0 12 8]
                                 [0-2-4-10]
R3→R3+3R1=>[1 2 3 14]
            [0 12 8]
            [0 0 16]
                     R2→R2÷1=>[1 2 3 14]
                               [0 12 8]
                               [0 0 1 6]
R1→R1-3R3=>[1 20-2]
            [0 12 8]
            [0 01 6]
                     R1→R1-2R2=>[10-4-20]
                                 [0 12 6]
                                 [0 0 16]
                              **SOLVE VARIABLES**